Wavelength Irradiance Spectral Power (W/m2/nm)
2.1000000000e+02 0.0000000000e+00
2.1100000000e+02 0.0000000000e+00
2.1200000000e+02 0.0000000000e+00
2.1300000000e+02 0.0000000000e+00
2.1400000000e+02 0.0000000000e+00
2.1500000000e+02 0.0000000000e+00
2.1600000000e+02 0.0000000000e+00
2.1700000000e+02 0.0000000000e+00
2.1800000000e+02 0.0000000000e+00
2.1900000000e+02 0.0000000000e+00
2.2000000000e+02 0.0000000000e+00
2.2100000000e+02 0.0000000000e+00
2.2200000000e+02 0.0000000000e+00
2.2300000000e+02 0.0000000000e+00
2.2400000000e+02 0.0000000000e+00
2.2500000000e+02 0.0000000000e+00
2.2600000000e+02 0.0000000000e+00
2.2700000000e+02 0.0000000000e+00
2.2800000000e+02 0.0000000000e+00
2.2900000000e+02 0.0000000000e+00
2.3000000000e+02 0.0000000000e+00
2.3100000000e+02 0.0000000000e+00
2.3200000000e+02 0.0000000000e+00
2.3300000000e+02 0.0000000000e+00
2.3400000000e+02 0.0000000000e+00
2.3500000000e+02 0.0000000000e+00
2.3600000000e+02 0.0000000000e+00
2.3700000000e+02 0.0000000000e+00
2.3800000000e+02 0.0000000000e+00
2.3900000000e+02 0.0000000000e+00
2.4000000000e+02 0.0000000000e+00
2.4100000000e+02 0.0000000000e+00
2.4200000000e+02 0.0000000000e+00
2.4300000000e+02 0.0000000000e+00
2.4400000000e+02 0.0000000000e+00
2.4500000000e+02 0.0000000000e+00
2.4600000000e+02 0.0000000000e+00
2.4700000000e+02 0.0000000000e+00
2.4800000000e+02 0.0000000000e+00
2.4900000000e+02 0.0000000000e+00
2.5000000000e+02 0.0000000000e+00
2.5100000000e+02 0.0000000000e+00
2.5200000000e+02 0.0000000000e+00
2.5300000000e+02 0.0000000000e+00
2.5400000000e+02 0.0000000000e+00
2.5500000000e+02 0.0000000000e+00
2.5600000000e+02 0.0000000000e+00
2.5700000000e+02 0.0000000000e+00
2.5800000000e+02 0.0000000000e+00
2.5900000000e+02 0.0000000000e+00
2.6000000000e+02 0.0000000000e+00
2.6100000000e+02 0.0000000000e+00
2.6200000000e+02 0.0000000000e+00
2.6300000000e+02 0.0000000000e+00
2.6400000000e+02 0.0000000000e+00
2.6500000000e+02 0.0000000000e+00
2.6600000000e+02 0.0000000000e+00
2.6700000000e+02 0.0000000000e+00
2.6800000000e+02 0.0000000000e+00
2.6900000000e+02 0.0000000000e+00
2.7000000000e+02 0.0000000000e+00
2.7100000000e+02 0.0000000000e+00
2.7200000000e+02 0.0000000000e+00
2.7300000000e+02 0.0000000000e+00
2.7400000000e+02 0.0000000000e+00
2.7500000000e+02 0.0000000000e+00
2.7600000000e+02 0.0000000000e+00
2.7700000000e+02 0.0000000000e+00
2.7800000000e+02 0.0000000000e+00
2.7900000000e+02 0.0000000000e+00
2.8000000000e+02 0.0000000000e+00
2.8100000000e+02 0.0000000000e+00
2.8200000000e+02 0.0000000000e+00
2.8300000000e+02 0.0000000000e+00
2.8400000000e+02 0.0000000000e+00
2.8500000000e+02 0.0000000000e+00
2.8600000000e+02 0.0000000000e+00
2.8700000000e+02 0.0000000000e+00
2.8800000000e+02 0.0000000000e+00
2.8900000000e+02 0.0000000000e+00
2.9000000000e+02 0.0000000000e+00
2.9100000000e+02 0.0000000000e+00
2.9200000000e+02 0.0000000000e+00
2.9300000000e+02 0.0000000000e+00
2.9400000000e+02 0.0000000000e+00
2.9500000000e+02 0.0000000000e+00
2.9600000000e+02 0.0000000000e+00
2.9700000000e+02 0.0000000000e+00
2.9800000000e+02 0.0000000000e+00
2.9900000000e+02 0.0000000000e+00
3.0000000000e+02 0.0000000000e+00
3.0100000000e+02 0.0000000000e+00
3.0200000000e+02 0.0000000000e+00
3.0300000000e+02 0.0000000000e+00
3.0400000000e+02 0.0000000000e+00
3.0500000000e+02 0.0000000000e+00
3.0600000000e+02 0.0000000000e+00
3.0700000000e+02 0.0000000000e+00
3.0800000000e+02 0.0000000000e+00
3.0900000000e+02 0.0000000000e+00
3.1000000000e+02 0.0000000000e+00
3.1100000000e+02 0.0000000000e+00
3.1200000000e+02 0.0000000000e+00
3.1300000000e+02 0.0000000000e+00
3.1400000000e+02 0.0000000000e+00
3.1500000000e+02 0.0000000000e+00
3.1600000000e+02 0.0000000000e+00
3.1700000000e+02 0.0000000000e+00
3.1800000000e+02 0.0000000000e+00
3.1900000000e+02 0.0000000000e+00
3.2000000000e+02 0.0000000000e+00
3.2100000000e+02 0.0000000000e+00
3.2200000000e+02 0.0000000000e+00
3.2300000000e+02 0.0000000000e+00
3.2400000000e+02 0.0000000000e+00
3.2500000000e+02 0.0000000000e+00
3.2600000000e+02 0.0000000000e+00
3.2700000000e+02 0.0000000000e+00
3.2800000000e+02 0.0000000000e+00
3.2900000000e+02 0.0000000000e+00
3.3000000000e+02 0.0000000000e+00
3.3100000000e+02 0.0000000000e+00
3.3200000000e+02 0.0000000000e+00
3.3300000000e+02 0.0000000000e+00
3.3400000000e+02 0.0000000000e+00
3.3500000000e+02 0.0000000000e+00
3.3600000000e+02 0.0000000000e+00
3.3700000000e+02 0.0000000000e+00
3.3800000000e+02 0.0000000000e+00
3.3900000000e+02 0.0000000000e+00
3.4000000000e+02 0.0000000000e+00
3.4100000000e+02 0.0000000000e+00
3.4200000000e+02 0.0000000000e+00
3.4300000000e+02 0.0000000000e+00
3.4400000000e+02 0.0000000000e+00
3.4500000000e+02 0.0000000000e+00
3.4600000000e+02 0.0000000000e+00
3.4700000000e+02 0.0000000000e+00
3.4800000000e+02 0.0000000000e+00
3.4900000000e+02 0.0000000000e+00
3.5000000000e+02 0.0000000000e+00
3.5100000000e+02 0.0000000000e+00
3.5200000000e+02 0.0000000000e+00
3.5300000000e+02 0.0000000000e+00
3.5400000000e+02 0.0000000000e+00
3.5500000000e+02 0.0000000000e+00
3.5600000000e+02 0.0000000000e+00
3.5700000000e+02 0.0000000000e+00
3.5800000000e+02 0.0000000000e+00
3.5900000000e+02 0.0000000000e+00
3.6000000000e+02 0.0000000000e+00
3.6100000000e+02 0.0000000000e+00
3.6200000000e+02 0.0000000000e+00
3.6300000000e+02 0.0000000000e+00
3.6400000000e+02 0.0000000000e+00
3.6500000000e+02 0.0000000000e+00
3.6600000000e+02 0.0000000000e+00
3.6700000000e+02 0.0000000000e+00
3.6800000000e+02 0.0000000000e+00
3.6900000000e+02 0.0000000000e+00
3.7000000000e+02 0.0000000000e+00
3.7100000000e+02 0.0000000000e+00
3.7200000000e+02 0.0000000000e+00
3.7300000000e+02 0.0000000000e+00
3.7400000000e+02 0.0000000000e+00
3.7500000000e+02 0.0000000000e+00
3.7600000000e+02 0.0000000000e+00
3.7700000000e+02 0.0000000000e+00
3.7800000000e+02 0.0000000000e+00
3.7900000000e+02 0.0000000000e+00
3.8000000000e+02 0.0000000000e+00
3.8100000000e+02 0.0000000000e+00
3.8200000000e+02 0.0000000000e+00
3.8300000000e+02 0.0000000000e+00
3.8400000000e+02 0.0000000000e+00
3.8500000000e+02 0.0000000000e+00
3.8600000000e+02 0.0000000000e+00
3.8700000000e+02 0.0000000000e+00
3.8800000000e+02 0.0000000000e+00
3.8900000000e+02 0.0000000000e+00
3.9000000000e+02 0.0000000000e+00
3.9100000000e+02 0.0000000000e+00
3.9200000000e+02 0.0000000000e+00
3.9300000000e+02 0.0000000000e+00
3.9400000000e+02 0.0000000000e+00
3.9500000000e+02 0.0000000000e+00
3.9600000000e+02 0.0000000000e+00
3.9700000000e+02 0.0000000000e+00
3.9800000000e+02 0.0000000000e+00
3.9900000000e+02 0.0000000000e+00
4.0000000000e+02 0.0000000000e+00
4.0100000000e+02 0.0000000000e+00
4.0200000000e+02 0.0000000000e+00
4.0300000000e+02 0.0000000000e+00
4.0400000000e+02 0.0000000000e+00
4.0500000000e+02 0.0000000000e+00
4.0600000000e+02 0.0000000000e+00
4.0700000000e+02 0.0000000000e+00
4.0800000000e+02 0.0000000000e+00
4.0900000000e+02 0.0000000000e+00
4.1000000000e+02 0.0000000000e+00
4.1100000000e+02 0.0000000000e+00
4.1200000000e+02 0.0000000000e+00
4.1300000000e+02 0.0000000000e+00
4.1400000000e+02 0.0000000000e+00
4.1500000000e+02 0.0000000000e+00
4.1600000000e+02 0.0000000000e+00
4.1700000000e+02 0.0000000000e+00
4.1800000000e+02 0.0000000000e+00
4.1900000000e+02 0.0000000000e+00
4.2000000000e+02 0.0000000000e+00
4.2100000000e+02 0.0000000000e+00
4.2200000000e+02 0.0000000000e+00
4.2300000000e+02 0.0000000000e+00
4.2400000000e+02 0.0000000000e+00
4.2500000000e+02 0.0000000000e+00
4.2600000000e+02 1.2242524858e-03
4.2700000000e+02 9.7900898088e-04
4.2800000000e+02 1.1790598256e-03
4.2900000000e+02 2.0551053729e-03
4.3000000000e+02 1.9420042271e-03
4.3100000000e+02 2.0458920974e-03
4.3200000000e+02 2.3378868971e-03
4.3300000000e+02 2.7660621075e-03
4.3400000000e+02 2.4437214947e-03
4.3500000000e+02 3.1161248935e-03
4.3600000000e+02 3.0210170874e-03
4.3700000000e+02 3.1788113624e-03
4.3800000000e+02 3.2099239128e-03
4.3900000000e+02 3.7652535229e-03
4.4000000000e+02 3.7127885035e-03
4.4100000000e+02 3.6703350317e-03
4.4200000000e+02 3.9629728993e-03
4.4300000000e+02 4.6340158866e-03
4.4400000000e+02 4.5512144650e-03
4.4500000000e+02 4.9020394188e-03
4.4600000000e+02 4.8400211657e-03
4.4700000000e+02 5.6561503423e-03
4.4800000000e+02 5.5968601228e-03
4.4900000000e+02 6.6765045336e-03
4.5000000000e+02 7.3435786979e-03
4.5100000000e+02 8.1489459520e-03
4.5200000000e+02 7.1035670315e-03
4.5300000000e+02 7.4416938267e-03
4.5400000000e+02 7.5853487378e-03
4.5500000000e+02 7.5233917982e-03
4.5600000000e+02 7.0570936626e-03
4.5700000000e+02 6.6902463973e-03
4.5800000000e+02 6.6970168637e-03
4.5900000000e+02 5.6958411452e-03
4.6000000000e+02 5.1604026671e-03
4.6100000000e+02 4.7151617342e-03
4.6200000000e+02 4.4518819296e-03
4.6300000000e+02 3.9659692187e-03
4.6400000000e+02 3.9990256363e-03
4.6500000000e+02 3.6557186037e-03
4.6600000000e+02 3.3383823838e-03
4.6700000000e+02 3.5849069741e-03
4.6800000000e+02 3.2014898187e-03
4.6900000000e+02 3.1402190473e-03
4.7000000000e+02 3.0585467608e-03
4.7100000000e+02 2.8823997799e-03
4.7200000000e+02 2.8406259685e-03
4.7300000000e+02 2.6493031122e-03
4.7400000000e+02 2.5803952792e-03
4.7500000000e+02 2.5415763910e-03
4.7600000000e+02 2.2542242799e-03
4.7700000000e+02 2.1546677860e-03
4.7800000000e+02 2.1807536326e-03
4.7900000000e+02 2.0493604970e-03
4.8000000000e+02 1.9608863095e-03
4.8100000000e+02 2.1493876812e-03
4.8200000000e+02 1.9736570926e-03
4.8300000000e+02 1.9596083121e-03
4.8400000000e+02 2.0699938175e-03
4.8500000000e+02 2.0899747237e-03
4.8600000000e+02 2.0953119822e-03
4.8700000000e+02 2.2481766204e-03
4.8800000000e+02 2.3369964491e-03
4.8900000000e+02 2.4529324123e-03
4.9000000000e+02 2.4123286143e-03
4.9100000000e+02 2.5583098664e-03
4.9200000000e+02 2.6557507606e-03
4.9300000000e+02 2.7838792005e-03
4.9400000000e+02 2.9823323790e-03
4.9500000000e+02 3.0389095555e-03
4.9600000000e+02 3.3486093879e-03
4.9700000000e+02 3.4621616706e-03
4.9800000000e+02 3.6374884180e-03
4.9900000000e+02 3.9263090545e-03
5.0000000000e+02 4.3273336198e-03
5.0100000000e+02 4.4961426139e-03
5.0200000000e+02 4.6512498810e-03
5.0300000000e+02 5.1138404988e-03
5.0400000000e+02 5.5800260057e-03
5.0500000000e+02 5.8008805887e-03
5.0600000000e+02 6.2276153416e-03
5.0700000000e+02 6.2033877384e-03
5.0800000000e+02 6.6947493042e-03
5.0900000000e+02 6.9411332473e-03
5.1000000000e+02 7.3163935219e-03
5.1100000000e+02 7.5057919956e-03
5.1200000000e+02 7.9182156450e-03
5.1300000000e+02 8.1753716018e-03
5.1400000000e+02 8.6437348510e-03
5.1500000000e+02 8.8427740890e-03
5.1600000000e+02 9.0999792198e-03
5.1700000000e+02 9.3564375286e-03
5.1800000000e+02 9.4402668731e-03
5.1900000000e+02 9.7660294721e-03
5.2000000000e+02 9.9076778967e-03
5.2100000000e+02 1.0333375055e-02
5.2200000000e+02 1.0618407843e-02
5.2300000000e+02 1.1023995126e-02
5.2400000000e+02 1.1265653817e-02
5.2500000000e+02 1.1419200992e-02
5.2600000000e+02 1.1190663173e-02
5.2700000000e+02 1.1475075996e-02
5.2800000000e+02 1.1646066441e-02
5.2900000000e+02 1.2049383693e-02
5.3000000000e+02 1.1828311597e-02
5.3100000000e+02 1.2166119626e-02
5.3200000000e+02 1.2199709371e-02
5.3300000000e+02 1.2701514000e-02
5.3400000000e+02 1.2947480862e-02
5.3500000000e+02 1.2772930341e-02
5.3600000000e+02 1.2964610183e-02
5.3700000000e+02 1.2921645634e-02
5.3800000000e+02 1.3025061079e-02
5.3900000000e+02 1.3149660179e-02
5.4000000000e+02 1.3568726758e-02
5.4100000000e+02 1.3649311346e-02
5.4200000000e+02 1.3784850443e-02
5.4300000000e+02 1.3604623798e-02
5.4400000000e+02 1.3953077824e-02
5.4500000000e+02 1.3821027831e-02
5.4600000000e+02 1.4144094163e-02
5.4700000000e+02 1.4588688634e-02
5.4800000000e+02 1.4695696881e-02
5.4900000000e+02 1.4667578768e-02
5.5000000000e+02 1.5099263323e-02
5.5100000000e+02 1.5146555945e-02
5.5200000000e+02 1.5179097232e-02
5.5300000000e+02 1.5163846676e-02
5.5400000000e+02 1.5488806807e-02
5.5500000000e+02 1.5434858114e-02
5.5600000000e+02 1.5635648981e-02
5.5700000000e+02 1.5993048252e-02
5.5800000000e+02 1.5947294297e-02
5.5900000000e+02 1.6123400904e-02
5.6000000000e+02 1.6478390545e-02
5.6100000000e+02 1.6530090209e-02
5.6200000000e+02 1.6643029121e-02
5.6300000000e+02 1.7037413489e-02
5.6400000000e+02 1.6958669493e-02
5.6500000000e+02 1.7535850723e-02
5.6600000000e+02 1.7291254939e-02
5.6700000000e+02 1.7354147344e-02
5.6800000000e+02 1.7390482665e-02
5.6900000000e+02 1.7619794615e-02
5.7000000000e+02 1.7920631224e-02
5.7100000000e+02 1.8162349916e-02
5.7200000000e+02 1.8062612644e-02
5.7300000000e+02 1.8100906779e-02
5.7400000000e+02 1.8017017326e-02
5.7500000000e+02 1.8614377222e-02
5.7600000000e+02 1.8716626698e-02
5.7700000000e+02 1.8825510972e-02
5.7800000000e+02 1.8950283486e-02
5.7900000000e+02 1.8763557185e-02
5.8000000000e+02 1.8993871461e-02
5.8100000000e+02 1.9065013935e-02
5.8200000000e+02 1.9246807003e-02
5.8300000000e+02 1.9517794463e-02
5.8400000000e+02 1.9360086498e-02
5.8500000000e+02 1.9507198620e-02
5.8600000000e+02 1.9466511546e-02
5.8700000000e+02 1.9550464459e-02
5.8800000000e+02 1.9413764697e-02
5.8900000000e+02 1.9382817802e-02
5.9000000000e+02 1.9187255860e-02
5.9100000000e+02 1.9540473108e-02
5.9200000000e+02 1.9509803530e-02
5.9300000000e+02 1.9147063461e-02
5.9400000000e+02 1.9072647593e-02
5.9500000000e+02 1.9109504749e-02
5.9600000000e+02 1.8507568926e-02
5.9700000000e+02 1.9070861432e-02
5.9800000000e+02 1.9112416449e-02
5.9900000000e+02 1.8901927495e-02
6.0000000000e+02 1.8681053434e-02
6.0100000000e+02 1.8473879092e-02
6.0200000000e+02 1.8569170468e-02
6.0300000000e+02 1.8307882475e-02
6.0400000000e+02 1.8376641937e-02
6.0500000000e+02 1.8352859870e-02
6.0600000000e+02 1.8137049417e-02
6.0700000000e+02 1.9829321436e-02
6.0800000000e+02 2.3919634304e-02
6.0900000000e+02 2.4479892187e-02
6.1000000000e+02 2.1849682764e-02
6.1100000000e+02 2.1644092006e-02
6.1200000000e+02 2.7234830202e-02
6.1300000000e+02 3.4322016372e-02
6.1400000000e+02 3.2816598821e-02
6.1500000000e+02 2.6692007932e-02
6.1600000000e+02 2.1812697603e-02
6.1700000000e+02 1.9368910957e-02
6.1800000000e+02 1.8840311026e-02
6.1900000000e+02 1.8514982933e-02
6.2000000000e+02 1.7943128107e-02
6.2100000000e+02 1.7407231068e-02
6.2200000000e+02 1.6705829385e-02
6.2300000000e+02 1.7048925784e-02
6.2400000000e+02 1.7082644018e-02
6.2500000000e+02 1.7495475977e-02
6.2600000000e+02 1.7370963736e-02
6.2700000000e+02 1.7655233958e-02
6.2800000000e+02 1.9113998969e-02
6.2900000000e+02 2.7215167681e-02
6.3000000000e+02 4.7605788242e-02
6.3100000000e+02 5.2759044570e-02
6.3200000000e+02 4.1353789287e-02
6.3300000000e+02 3.1467483886e-02
6.3400000000e+02 3.4648217916e-02
6.3500000000e+02 3.9085218771e-02
6.3600000000e+02 3.1197804693e-02
6.3700000000e+02 2.1538617868e-02
6.3800000000e+02 1.5663111316e-02
6.3900000000e+02 1.2066069834e-02
6.4000000000e+02 1.0671155408e-02
6.4100000000e+02 1.0169782807e-02
6.4200000000e+02 9.6103418204e-03
6.4300000000e+02 9.3035635222e-03
6.4400000000e+02 8.9225239159e-03
6.4500000000e+02 9.2723145189e-03
6.4600000000e+02 1.1220170415e-02
6.4700000000e+02 1.4671739197e-02
6.4800000000e+02 1.3877771311e-02
6.4900000000e+02 1.1142525772e-02
6.5000000000e+02 9.6012283988e-03
6.5100000000e+02 8.6657083863e-03
6.5200000000e+02 8.3048217292e-03
6.5300000000e+02 7.5613718902e-03
6.5400000000e+02 7.2571023912e-03
6.5500000000e+02 6.8380187737e-03
6.5600000000e+02 6.6671876516e-03
6.5700000000e+02 6.3793672905e-03
6.5800000000e+02 5.9696811826e-03
6.5900000000e+02 5.7796727119e-03
6.6000000000e+02 5.5733651410e-03
6.6100000000e+02 5.4012022911e-03
6.6200000000e+02 5.1990827553e-03
6.6300000000e+02 4.9788853163e-03
6.6400000000e+02 4.7288229475e-03
6.6500000000e+02 4.6534161994e-03
6.6600000000e+02 4.4810492734e-03
6.6700000000e+02 4.4106898842e-03
6.6800000000e+02 4.4969653769e-03
6.6900000000e+02 4.4210997366e-03
6.7000000000e+02 4.2574109066e-03
6.7100000000e+02 4.3177129478e-03
6.7200000000e+02 3.8715252058e-03
6.7300000000e+02 3.8517604437e-03
6.7400000000e+02 3.7437682885e-03
6.7500000000e+02 3.4842130183e-03
6.7600000000e+02 3.3260432585e-03
6.7700000000e+02 3.3542201877e-03
6.7800000000e+02 3.1198293679e-03
6.7900000000e+02 3.0578725809e-03
6.8000000000e+02 2.9194939324e-03
6.8100000000e+02 2.8567483835e-03
6.8200000000e+02 2.7570390935e-03
6.8300000000e+02 2.7068722498e-03
6.8400000000e+02 2.6009147452e-03
6.8500000000e+02 2.5696336898e-03
6.8600000000e+02 2.4188215421e-03
6.8700000000e+02 2.3123990294e-03
6.8800000000e+02 2.3144952273e-03
6.8900000000e+02 2.2031896381e-03
6.9000000000e+02 2.2386394594e-03
6.9100000000e+02 2.1508828459e-03
6.9200000000e+02 2.0406731864e-03
6.9300000000e+02 2.2702891975e-03
6.9400000000e+02 2.1675020453e-03
6.9500000000e+02 2.0808968924e-03
6.9600000000e+02 1.9596371636e-03
6.9700000000e+02 1.8723193347e-03
6.9800000000e+02 1.7115407456e-03
6.9900000000e+02 1.6567405167e-03
7.0000000000e+02 1.5728747650e-03
7.0100000000e+02 1.2193183751e-03
7.0200000000e+02 1.2712005599e-03
7.0300000000e+02 1.1995757118e-03
7.0400000000e+02 7.4571792653e-04
7.0500000000e+02 3.1205450697e-04
7.0600000000e+02 0.0000000000e+00
7.0700000000e+02 5.9027495531e-04
7.0800000000e+02 0.0000000000e+00
7.0900000000e+02 0.0000000000e+00
7.1000000000e+02 0.0000000000e+00
7.1100000000e+02 0.0000000000e+00
7.1200000000e+02 0.0000000000e+00
7.1300000000e+02 0.0000000000e+00
7.1400000000e+02 0.0000000000e+00
7.1500000000e+02 0.0000000000e+00
7.1600000000e+02 0.0000000000e+00
7.1700000000e+02 0.0000000000e+00
7.1800000000e+02 0.0000000000e+00
7.1900000000e+02 0.0000000000e+00
7.2000000000e+02 0.0000000000e+00
7.2100000000e+02 0.0000000000e+00
7.2200000000e+02 0.0000000000e+00
7.2300000000e+02 0.0000000000e+00
7.2400000000e+02 0.0000000000e+00
7.2500000000e+02 0.0000000000e+00
7.2600000000e+02 0.0000000000e+00
7.2700000000e+02 0.0000000000e+00
7.2800000000e+02 0.0000000000e+00
7.2900000000e+02 0.0000000000e+00
7.3000000000e+02 0.0000000000e+00
7.3100000000e+02 0.0000000000e+00
7.3200000000e+02 0.0000000000e+00
7.3300000000e+02 0.0000000000e+00
7.3400000000e+02 0.0000000000e+00
7.3500000000e+02 0.0000000000e+00
7.3600000000e+02 0.0000000000e+00
7.3700000000e+02 0.0000000000e+00
7.3800000000e+02 0.0000000000e+00
7.3900000000e+02 0.0000000000e+00
7.4000000000e+02 0.0000000000e+00
7.4100000000e+02 0.0000000000e+00
7.4200000000e+02 0.0000000000e+00
7.4300000000e+02 0.0000000000e+00
7.4400000000e+02 0.0000000000e+00
7.4500000000e+02 0.0000000000e+00
7.4600000000e+02 0.0000000000e+00
7.4700000000e+02 0.0000000000e+00
7.4800000000e+02 0.0000000000e+00
7.4900000000e+02 0.0000000000e+00
7.5000000000e+02 0.0000000000e+00
7.5100000000e+02 0.0000000000e+00
7.5200000000e+02 0.0000000000e+00
7.5300000000e+02 0.0000000000e+00
7.5400000000e+02 0.0000000000e+00
7.5500000000e+02 0.0000000000e+00
7.5600000000e+02 0.0000000000e+00
7.5700000000e+02 0.0000000000e+00
7.5800000000e+02 0.0000000000e+00
7.5900000000e+02 0.0000000000e+00
7.6000000000e+02 0.0000000000e+00
7.6100000000e+02 0.0000000000e+00
7.6200000000e+02 0.0000000000e+00
7.6300000000e+02 0.0000000000e+00
7.6400000000e+02 0.0000000000e+00
7.6500000000e+02 0.0000000000e+00
7.6600000000e+02 0.0000000000e+00
7.6700000000e+02 0.0000000000e+00
7.6800000000e+02 0.0000000000e+00
7.6900000000e+02 0.0000000000e+00
7.7000000000e+02 0.0000000000e+00
7.7100000000e+02 0.0000000000e+00
7.7200000000e+02 0.0000000000e+00
7.7300000000e+02 0.0000000000e+00
7.7400000000e+02 0.0000000000e+00
7.7500000000e+02 0.0000000000e+00
7.7600000000e+02 0.0000000000e+00
7.7700000000e+02 0.0000000000e+00
7.7800000000e+02 0.0000000000e+00
7.7900000000e+02 0.0000000000e+00
7.8000000000e+02 0.0000000000e+00
7.8100000000e+02 0.0000000000e+00
7.8200000000e+02 0.0000000000e+00
7.8300000000e+02 0.0000000000e+00
7.8400000000e+02 0.0000000000e+00
7.8500000000e+02 0.0000000000e+00
7.8600000000e+02 0.0000000000e+00
7.8700000000e+02 0.0000000000e+00
7.8800000000e+02 0.0000000000e+00
7.8900000000e+02 0.0000000000e+00
7.9000000000e+02 0.0000000000e+00
7.9100000000e+02 0.0000000000e+00
7.9200000000e+02 0.0000000000e+00
7.9300000000e+02 0.0000000000e+00
7.9400000000e+02 0.0000000000e+00
7.9500000000e+02 0.0000000000e+00
7.9600000000e+02 0.0000000000e+00
7.9700000000e+02 0.0000000000e+00
7.9800000000e+02 0.0000000000e+00
7.9900000000e+02 0.0000000000e+00
8.0000000000e+02 0.0000000000e+00
8.0100000000e+02 0.0000000000e+00
8.0200000000e+02 0.0000000000e+00
8.0300000000e+02 0.0000000000e+00
8.0400000000e+02 0.0000000000e+00
8.0500000000e+02 0.0000000000e+00
8.0600000000e+02 0.0000000000e+00
8.0700000000e+02 0.0000000000e+00
8.0800000000e+02 0.0000000000e+00
8.0900000000e+02 0.0000000000e+00
8.1000000000e+02 0.0000000000e+00
8.1100000000e+02 0.0000000000e+00
8.1200000000e+02 0.0000000000e+00
8.1300000000e+02 0.0000000000e+00
8.1400000000e+02 0.0000000000e+00
8.1500000000e+02 0.0000000000e+00
8.1600000000e+02 0.0000000000e+00
8.1700000000e+02 0.0000000000e+00
8.1800000000e+02 0.0000000000e+00
8.1900000000e+02 0.0000000000e+00
8.2000000000e+02 0.0000000000e+00
8.2100000000e+02 0.0000000000e+00
8.2200000000e+02 0.0000000000e+00
8.2300000000e+02 0.0000000000e+00
8.2400000000e+02 0.0000000000e+00
8.2500000000e+02 0.0000000000e+00
8.2600000000e+02 0.0000000000e+00
8.2700000000e+02 0.0000000000e+00
8.2800000000e+02 0.0000000000e+00
8.2900000000e+02 0.0000000000e+00
8.3000000000e+02 0.0000000000e+00
8.3100000000e+02 0.0000000000e+00
8.3200000000e+02 0.0000000000e+00
8.3300000000e+02 0.0000000000e+00
8.3400000000e+02 0.0000000000e+00
8.3500000000e+02 0.0000000000e+00
8.3600000000e+02 0.0000000000e+00
8.3700000000e+02 0.0000000000e+00
8.3800000000e+02 0.0000000000e+00
8.3900000000e+02 0.0000000000e+00
8.4000000000e+02 0.0000000000e+00
8.4100000000e+02 0.0000000000e+00
8.4200000000e+02 0.0000000000e+00
8.4300000000e+02 0.0000000000e+00
8.4400000000e+02 0.0000000000e+00
8.4500000000e+02 0.0000000000e+00
8.4600000000e+02 0.0000000000e+00
8.4700000000e+02 0.0000000000e+00
8.4800000000e+02 0.0000000000e+00
8.4900000000e+02 0.0000000000e+00
8.5000000000e+02 0.0000000000e+00
8.5100000000e+02 0.0000000000e+00
8.5200000000e+02 0.0000000000e+00
8.5300000000e+02 0.0000000000e+00
8.5400000000e+02 0.0000000000e+00
8.5500000000e+02 0.0000000000e+00
8.5600000000e+02 0.0000000000e+00
8.5700000000e+02 0.0000000000e+00
8.5800000000e+02 0.0000000000e+00
8.5900000000e+02 0.0000000000e+00
8.6000000000e+02 0.0000000000e+00
8.6100000000e+02 0.0000000000e+00
8.6200000000e+02 0.0000000000e+00
8.6300000000e+02 0.0000000000e+00
8.6400000000e+02 0.0000000000e+00
8.6500000000e+02 0.0000000000e+00
8.6600000000e+02 0.0000000000e+00
8.6700000000e+02 0.0000000000e+00
8.6800000000e+02 0.0000000000e+00
8.6900000000e+02 0.0000000000e+00
8.7000000000e+02 0.0000000000e+00
8.7100000000e+02 0.0000000000e+00
8.7200000000e+02 0.0000000000e+00
8.7300000000e+02 0.0000000000e+00
8.7400000000e+02 0.0000000000e+00
8.7500000000e+02 0.0000000000e+00
8.7600000000e+02 0.0000000000e+00
8.7700000000e+02 0.0000000000e+00
8.7800000000e+02 0.0000000000e+00
8.7900000000e+02 0.0000000000e+00
8.8000000000e+02 0.0000000000e+00
8.8100000000e+02 0.0000000000e+00
8.8200000000e+02 0.0000000000e+00
8.8300000000e+02 0.0000000000e+00
8.8400000000e+02 0.0000000000e+00
8.8500000000e+02 0.0000000000e+00
8.8600000000e+02 0.0000000000e+00
8.8700000000e+02 0.0000000000e+00
8.8800000000e+02 0.0000000000e+00
8.8900000000e+02 0.0000000000e+00
8.9000000000e+02 0.0000000000e+00
8.9100000000e+02 0.0000000000e+00
8.9200000000e+02 0.0000000000e+00
8.9300000000e+02 0.0000000000e+00
8.9400000000e+02 0.0000000000e+00
8.9500000000e+02 0.0000000000e+00
8.9600000000e+02 0.0000000000e+00
8.9700000000e+02 0.0000000000e+00
8.9800000000e+02 0.0000000000e+00
8.9900000000e+02 0.0000000000e+00
9.0000000000e+02 0.0000000000e+00
