Wavelength (λ) in nm	Spectral Irradiance (Ee​(λ)) (W/m2/nm)
210 0.0000000000e+00
211 0.0000000000e+00
212 0.0000000000e+00
213 0.0000000000e+00
214 0.0000000000e+00
215 0.0000000000e+00
216 0.0000000000e+00
217 0.0000000000e+00
218 0.0000000000e+00
219 0.0000000000e+00
220 0.0000000000e+00
221 0.0000000000e+00
222 0.0000000000e+00
223 0.0000000000e+00
224 0.0000000000e+00
225 0.0000000000e+00
226 0.0000000000e+00
227 0.0000000000e+00
228 0.0000000000e+00
229 0.0000000000e+00
230 0.0000000000e+00
231 0.0000000000e+00
232 0.0000000000e+00
233 0.0000000000e+00
234 0.0000000000e+00
235 0.0000000000e+00
236 0.0000000000e+00
237 0.0000000000e+00
238 0.0000000000e+00
239 0.0000000000e+00
240 0.0000000000e+00
241 0.0000000000e+00
242 0.0000000000e+00
243 0.0000000000e+00
244 0.0000000000e+00
245 0.0000000000e+00
246 0.0000000000e+00
247 0.0000000000e+00
248 0.0000000000e+00
249 0.0000000000e+00
250 0.0000000000e+00
251 0.0000000000e+00
252 0.0000000000e+00
253 0.0000000000e+00
254 0.0000000000e+00
255 0.0000000000e+00
256 0.0000000000e+00
257 0.0000000000e+00
258 0.0000000000e+00
259 0.0000000000e+00
260 0.0000000000e+00
261 0.0000000000e+00
262 0.0000000000e+00
263 0.0000000000e+00
264 0.0000000000e+00
265 0.0000000000e+00
266 0.0000000000e+00
267 0.0000000000e+00
268 0.0000000000e+00
269 0.0000000000e+00
270 0.0000000000e+00
271 0.0000000000e+00
272 0.0000000000e+00
273 0.0000000000e+00
274 0.0000000000e+00
275 0.0000000000e+00
276 0.0000000000e+00
277 0.0000000000e+00
278 0.0000000000e+00
279 0.0000000000e+00
280 0.0000000000e+00
281 0.0000000000e+00
282 0.0000000000e+00
283 0.0000000000e+00
284 0.0000000000e+00
285 0.0000000000e+00
286 0.0000000000e+00
287 0.0000000000e+00
288 0.0000000000e+00
289 0.0000000000e+00
290 0.0000000000e+00
291 0.0000000000e+00
292 0.0000000000e+00
293 0.0000000000e+00
294 4.4066043761e-05
295 0.0000000000e+00
296 0.0000000000e+00
297 0.0000000000e+00
298 0.0000000000e+00
299 0.0000000000e+00
300 0.0000000000e+00
301 0.0000000000e+00
302 0.0000000000e+00
303 0.0000000000e+00
304 0.0000000000e+00
305 0.0000000000e+00
306 0.0000000000e+00
307 0.0000000000e+00
308 0.0000000000e+00
309 0.0000000000e+00
310 0.0000000000e+00
311 0.0000000000e+00
312 0.0000000000e+00
313 0.0000000000e+00
314 0.0000000000e+00
315 0.0000000000e+00
316 0.0000000000e+00
317 0.0000000000e+00
318 0.0000000000e+00
319 0.0000000000e+00
320 0.0000000000e+00
321 0.0000000000e+00
322 0.0000000000e+00
323 0.0000000000e+00
324 0.0000000000e+00
325 0.0000000000e+00
326 0.0000000000e+00
327 0.0000000000e+00
328 0.0000000000e+00
329 0.0000000000e+00
330 0.0000000000e+00
331 0.0000000000e+00
332 0.0000000000e+00
333 0.0000000000e+00
334 0.0000000000e+00
335 0.0000000000e+00
336 0.0000000000e+00
337 0.0000000000e+00
338 0.0000000000e+00
339 0.0000000000e+00
340 0.0000000000e+00
341 0.0000000000e+00
342 0.0000000000e+00
343 0.0000000000e+00
344 0.0000000000e+00
345 0.0000000000e+00
346 0.0000000000e+00
347 0.0000000000e+00
348 0.0000000000e+00
349 0.0000000000e+00
350 0.0000000000e+00
351 0.0000000000e+00
352 0.0000000000e+00
353 0.0000000000e+00
354 0.0000000000e+00
355 0.0000000000e+00
356 0.0000000000e+00
357 0.0000000000e+00
358 0.0000000000e+00
359 0.0000000000e+00
360 0.0000000000e+00
361 0.0000000000e+00
362 0.0000000000e+00
363 0.0000000000e+00
364 0.0000000000e+00
365 0.0000000000e+00
366 0.0000000000e+00
367 0.0000000000e+00
368 0.0000000000e+00
369 0.0000000000e+00
370 0.0000000000e+00
371 0.0000000000e+00
372 0.0000000000e+00
373 0.0000000000e+00
374 0.0000000000e+00
375 0.0000000000e+00
376 0.0000000000e+00
377 0.0000000000e+00
378 0.0000000000e+00
379 0.0000000000e+00
380 0.0000000000e+00
381 0.0000000000e+00
382 0.0000000000e+00
383 0.0000000000e+00
384 0.0000000000e+00
385 0.0000000000e+00
386 0.0000000000e+00
387 0.0000000000e+00
388 0.0000000000e+00
389 0.0000000000e+00
390 0.0000000000e+00
391 0.0000000000e+00
392 0.0000000000e+00
393 0.0000000000e+00
394 0.0000000000e+00
395 0.0000000000e+00
396 0.0000000000e+00
397 0.0000000000e+00
398 0.0000000000e+00
399 0.0000000000e+00
400 0.0000000000e+00
401 0.0000000000e+00
402 0.0000000000e+00
403 0.0000000000e+00
404 0.0000000000e+00
405 0.0000000000e+00
406 0.0000000000e+00
407 0.0000000000e+00
408 0.0000000000e+00
409 0.0000000000e+00
410 0.0000000000e+00
411 0.0000000000e+00
412 0.0000000000e+00
413 0.0000000000e+00
414 0.0000000000e+00
415 0.0000000000e+00
416 0.0000000000e+00
417 0.0000000000e+00
418 0.0000000000e+00
419 0.0000000000e+00
420 0.0000000000e+00
421 0.0000000000e+00
422 0.0000000000e+00
423 0.0000000000e+00
424 3.0359800268e-04
425 0.0000000000e+00
426 4.7458446351e-04
427 0.0000000000e+00
428 0.0000000000e+00
429 5.8643041163e-04
430 6.8909980724e-04
431 7.6920632513e-04
432 8.3570428475e-04
433 1.1062472181e-03
434 8.9060108255e-04
435 1.1366630517e-03
436 1.2000432443e-03
437 1.2187164238e-03
438 1.1531727034e-03
439 1.4815306208e-03
440 1.3863108767e-03
441 1.4879090987e-03
442 1.5677067172e-03
443 1.8899932146e-03
444 1.8632949410e-03
445 2.0977627041e-03
446 2.0511967097e-03
447 2.3978491415e-03
448 2.4547191647e-03
449 2.9185277382e-03
450 3.2337011361e-03
451 3.7471908662e-03
452 3.3118838923e-03
453 3.4546517725e-03
454 3.5129885154e-03
455 3.4380317311e-03
456 3.1842472095e-03
457 2.9709723329e-03
458 2.8912175578e-03
459 2.4950970532e-03
460 2.1537015038e-03
461 1.9302213595e-03
462 1.8553245586e-03
463 1.7135588766e-03
464 1.6489700695e-03
465 1.5933058909e-03
466 1.4396510183e-03
467 1.6241342872e-03
468 1.4012338729e-03
469 1.3805951118e-03
470 1.3748888750e-03
471 1.2319101281e-03
472 1.2180103827e-03
473 1.1224873762e-03
474 1.1246416499e-03
475 1.0684923964e-03
476 9.5842975949e-04
477 9.2626121621e-04
478 9.0466463507e-04
479 8.6672291201e-04
480 7.8350229559e-04
481 8.8864764441e-04
482 8.2021675056e-04
483 8.4975662947e-04
484 9.0653280876e-04
485 8.5678334620e-04
486 8.6193098743e-04
487 9.1508764900e-04
488 9.5818646734e-04
489 1.0226403887e-03
490 9.7805382425e-04
491 1.0165069474e-03
492 1.0421036486e-03
493 1.0925619732e-03
494 1.1930428307e-03
495 1.2191426283e-03
496 1.3038407236e-03
497 1.4037078067e-03
498 1.4343052348e-03
499 1.5490273587e-03
500 1.7005415499e-03
501 1.7718555233e-03
502 1.8681628735e-03
503 2.0676038392e-03
504 2.2255023595e-03
505 2.3262257541e-03
506 2.5034216498e-03
507 2.5032229094e-03
508 2.6641101952e-03
509 2.7463844911e-03
510 2.9108581498e-03
511 3.0258394021e-03
512 3.1064740348e-03
513 3.1933310502e-03
514 3.4424893950e-03
515 3.4533204811e-03
516 3.5649634160e-03
517 3.6760527182e-03
518 3.7435665010e-03
519 3.8013032918e-03
520 3.8614277332e-03
521 3.9770786550e-03
522 4.1190333799e-03
523 4.3027971540e-03
524 4.3981281419e-03
525 4.4511922024e-03
526 4.3166006890e-03
527 4.4209262675e-03
528 4.4968774858e-03
529 4.6530529289e-03
530 4.5826300234e-03
531 4.6826852064e-03
532 4.6996881094e-03
533 4.8120559392e-03
534 4.8956993269e-03
535 4.8908814404e-03
536 4.9244106072e-03
537 4.9473834185e-03
538 5.0305613225e-03
539 5.0175940400e-03
540 5.1876322307e-03
541 5.1678650992e-03
542 5.2079265511e-03
543 5.1649395046e-03
544 5.2574968180e-03
545 5.2453041297e-03
546 5.3658843064e-03
547 5.5037106400e-03
548 5.6484591558e-03
549 5.5549674240e-03
550 5.6735152513e-03
551 5.6529024484e-03
552 5.6227869426e-03
553 5.7389195277e-03
554 5.8412964064e-03
555 5.7987158744e-03
556 5.8966967119e-03
557 5.9655604617e-03
558 5.9906306061e-03
559 5.9598908663e-03
560 6.2229563568e-03
561 6.1415628628e-03
562 6.2871086532e-03
563 6.3464848856e-03
564 6.3427017314e-03
565 6.5888402421e-03
566 6.4419040725e-03
567 6.5180704209e-03
568 6.5304179168e-03
569 6.6528379442e-03
570 6.7645961174e-03
571 6.8482645474e-03
572 6.7613104772e-03
573 6.8065732229e-03
574 6.7148803800e-03
575 7.0959492588e-03
576 7.0840778317e-03
577 7.1505252167e-03
578 7.1190565419e-03
579 7.1519090232e-03
580 7.1315734141e-03
581 7.2639707591e-03
582 7.2578491775e-03
583 7.3883597281e-03
584 7.2888750837e-03
585 7.3591382630e-03
586 7.3190294934e-03
587 7.3352764471e-03
588 7.3967558021e-03
589 7.2940236960e-03
590 7.2656860047e-03
591 7.3256354980e-03
592 7.4121349425e-03
593 7.1975628736e-03
594 7.2017880830e-03
595 7.2441295899e-03
596 7.0874763476e-03
597 7.1660245932e-03
598 7.2183946799e-03
599 7.1371558739e-03
600 7.0319201176e-03
601 6.9487495827e-03
602 7.0529193727e-03
603 6.9389326289e-03
604 6.8698009346e-03
605 6.8466691280e-03
606 6.7777653126e-03
607 7.4577165344e-03
608 8.9533896637e-03
609 8.7726401369e-03
610 7.9032550023e-03
611 8.0184436439e-03
612 1.0443014170e-02
613 1.2677938954e-02
614 1.1604899256e-02
615 9.2924359174e-03
616 7.7103871947e-03
617 6.9937937945e-03
618 6.9469995347e-03
619 6.9083891153e-03
620 6.7097685008e-03
621 6.4480041055e-03
622 6.2340549603e-03
623 6.3833055274e-03
624 6.4057256275e-03
625 6.4348621171e-03
626 6.4773184362e-03
627 6.5927002692e-03
628 7.2164716696e-03
629 1.0818531324e-02
630 1.9169639895e-02
631 1.9662133165e-02
632 1.4485827388e-02
633 1.0972599451e-02
634 1.3379602033e-02
635 1.4841438400e-02
636 1.1150276210e-02
637 7.5065466003e-03
638 5.5204496878e-03
639 4.3964782486e-03
640 3.9380190450e-03
641 3.7544972497e-03
642 3.6436388702e-03
643 3.4773547846e-03
644 3.3616880045e-03
645 3.5398822199e-03
646 4.4089508942e-03
647 5.8049514480e-03
648 5.2811329757e-03
649 4.1433289007e-03
650 3.5774156718e-03
651 3.2137891013e-03
652 3.1534370029e-03
653 2.7989719225e-03
654 2.7444728267e-03
655 2.5931631512e-03
656 2.4493888953e-03
657 2.4391222749e-03
658 2.2533130086e-03
659 2.2161854702e-03
660 2.1222796328e-03
661 2.0445011578e-03
662 1.9568523386e-03
663 1.8740346828e-03
664 1.8618763998e-03
665 1.7463973881e-03
666 1.6891102351e-03
667 1.6952910225e-03
668 1.7202077580e-03
669 1.6954715394e-03
670 1.6568677604e-03
671 1.7223660234e-03
672 1.5099074914e-03
673 1.4673764554e-03
674 1.4351309540e-03
675 1.3660222889e-03
676 1.2893842533e-03
677 1.3054397660e-03
678 1.2128213658e-03
679 1.2453923023e-03
680 1.1193557931e-03
681 1.1304203467e-03
682 1.0847369996e-03
683 1.0837479926e-03
684 9.8405734895e-04
685 9.9978358351e-04
686 9.7031575574e-04
687 8.7033864296e-04
688 9.1593403330e-04
689 8.7887648887e-04
690 8.9242310489e-04
691 8.3958803131e-04
692 8.5822868497e-04
693 9.2445448342e-04
694 8.9011785482e-04
695 8.3469035582e-04
696 8.1335941076e-04
697 7.7984086824e-04
698 5.7717198432e-04
699 5.1719527787e-04
700 6.6266062379e-04
701 3.9154886287e-04
702 6.9205877627e-04
703 5.0942866826e-04
704 3.0656546537e-04
705 3.6896274759e-04
706 1.4720430278e-04
707 6.8321940336e-04
708 0.0000000000e+00
709 1.4898900585e-04
710 1.7609015356e-04
711 0.0000000000e+00
712 1.5822102524e-04
713 1.9128667099e-04
714 0.0000000000e+00
715 0.0000000000e+00
716 0.0000000000e+00
717 0.0000000000e+00
718 1.6442449965e-04
719 0.0000000000e+00
720 0.0000000000e+00
721 0.0000000000e+00
722 0.0000000000e+00
723 0.0000000000e+00
724 0.0000000000e+00
725 0.0000000000e+00
726 0.0000000000e+00
727 0.0000000000e+00
728 0.0000000000e+00
729 0.0000000000e+00
730 0.0000000000e+00
731 0.0000000000e+00
732 0.0000000000e+00
733 0.0000000000e+00
734 0.0000000000e+00
735 0.0000000000e+00
736 0.0000000000e+00
737 0.0000000000e+00
738 0.0000000000e+00
739 0.0000000000e+00
740 0.0000000000e+00
741 0.0000000000e+00
742 0.0000000000e+00
743 0.0000000000e+00
744 0.0000000000e+00
745 0.0000000000e+00
746 0.0000000000e+00
747 0.0000000000e+00
748 0.0000000000e+00
749 0.0000000000e+00
750 0.0000000000e+00
751 0.0000000000e+00
752 0.0000000000e+00
753 0.0000000000e+00
754 0.0000000000e+00
755 0.0000000000e+00
756 0.0000000000e+00
757 0.0000000000e+00
758 0.0000000000e+00
759 0.0000000000e+00
760 0.0000000000e+00
761 0.0000000000e+00
762 0.0000000000e+00
763 0.0000000000e+00
764 0.0000000000e+00
765 0.0000000000e+00
766 0.0000000000e+00
767 0.0000000000e+00
768 0.0000000000e+00
769 0.0000000000e+00
770 0.0000000000e+00
771 0.0000000000e+00
772 0.0000000000e+00
773 0.0000000000e+00
774 0.0000000000e+00
775 0.0000000000e+00
776 0.0000000000e+00
777 0.0000000000e+00
778 0.0000000000e+00
779 0.0000000000e+00
780 0.0000000000e+00
781 0.0000000000e+00
782 0.0000000000e+00
783 0.0000000000e+00
784 0.0000000000e+00
785 0.0000000000e+00
786 0.0000000000e+00
787 0.0000000000e+00
788 0.0000000000e+00
789 0.0000000000e+00
790 0.0000000000e+00
791 0.0000000000e+00
792 0.0000000000e+00
793 0.0000000000e+00
794 0.0000000000e+00
795 0.0000000000e+00
796 0.0000000000e+00
797 0.0000000000e+00
798 0.0000000000e+00
799 0.0000000000e+00
800 0.0000000000e+00
801 0.0000000000e+00
802 0.0000000000e+00
803 0.0000000000e+00
804 0.0000000000e+00
805 0.0000000000e+00
806 0.0000000000e+00
807 0.0000000000e+00
808 0.0000000000e+00
809 0.0000000000e+00
810 0.0000000000e+00
811 0.0000000000e+00
812 0.0000000000e+00
813 0.0000000000e+00
814 0.0000000000e+00
815 0.0000000000e+00
816 0.0000000000e+00
817 0.0000000000e+00
818 0.0000000000e+00
819 0.0000000000e+00
820 0.0000000000e+00
821 0.0000000000e+00
822 0.0000000000e+00
823 0.0000000000e+00
824 0.0000000000e+00
825 0.0000000000e+00
826 0.0000000000e+00
827 0.0000000000e+00
828 0.0000000000e+00
829 0.0000000000e+00
830 0.0000000000e+00
831 0.0000000000e+00
832 0.0000000000e+00
833 0.0000000000e+00
834 0.0000000000e+00
835 0.0000000000e+00
836 0.0000000000e+00
837 0.0000000000e+00
838 0.0000000000e+00
839 0.0000000000e+00
840 0.0000000000e+00
841 0.0000000000e+00
842 0.0000000000e+00
843 0.0000000000e+00
844 0.0000000000e+00
845 0.0000000000e+00
846 0.0000000000e+00
847 0.0000000000e+00
848 0.0000000000e+00
849 0.0000000000e+00
850 0.0000000000e+00
851 0.0000000000e+00
852 0.0000000000e+00
853 0.0000000000e+00
854 0.0000000000e+00
855 0.0000000000e+00
856 0.0000000000e+00
857 0.0000000000e+00
858 0.0000000000e+00
859 0.0000000000e+00
860 7.0087206053e-04
861 0.0000000000e+00
862 0.0000000000e+00
863 0.0000000000e+00
864 0.0000000000e+00
865 0.0000000000e+00
866 0.0000000000e+00
867 0.0000000000e+00
868 0.0000000000e+00
869 0.0000000000e+00
870 0.0000000000e+00
871 0.0000000000e+00
872 0.0000000000e+00
873 0.0000000000e+00
874 0.0000000000e+00
875 0.0000000000e+00
876 0.0000000000e+00
877 0.0000000000e+00
878 0.0000000000e+00
879 0.0000000000e+00
880 0.0000000000e+00
881 0.0000000000e+00
882 0.0000000000e+00
883 0.0000000000e+00
884 0.0000000000e+00
885 0.0000000000e+00
886 0.0000000000e+00
887 0.0000000000e+00
888 0.0000000000e+00
889 0.0000000000e+00
890 0.0000000000e+00
891 0.0000000000e+00
892 0.0000000000e+00
893 0.0000000000e+00
894 0.0000000000e+00
895 0.0000000000e+00
896 0.0000000000e+00
897 0.0000000000e+00
898 0.0000000000e+00
899 0.0000000000e+00
900 0.0000000000e+00