Wavelength[nm]	Irradiance[W/m2/nm]
416	4.360885e-04
417	8.588994e-04
418	1.696640e-03
419	2.711537e-03
420	2.601665e-03
421	3.054639e-03
422	2.932828e-03
423	3.775728e-03
424	3.467091e-03
425	3.818794e-03
426	4.304931e-03
427	5.543189e-03
428	5.162279e-03
429	6.482040e-03
430	6.060682e-03
431	6.912298e-03
432	8.363831e-03
433	9.567475e-03
434	8.282085e-03
435	1.143055e-02
436	1.150381e-02
437	1.186053e-02
438	1.195540e-02
439	1.370334e-02
440	1.368409e-02
441	1.414704e-02
442	1.563862e-02
443	1.850526e-02
444	1.871577e-02
445	2.084180e-02
446	2.039272e-02
447	2.329208e-02
448	2.337576e-02
449	2.712445e-02
450	2.844296e-02
451	3.107113e-02
452	2.525596e-02
453	2.536508e-02
454	2.424707e-02
455	2.240908e-02
456	1.982509e-02
457	1.815833e-02
458	1.692702e-02
459	1.438968e-02
460	1.264401e-02
461	1.186388e-02
462	1.120752e-02
463	1.003846e-02
464	1.031979e-02
465	9.527408e-03
466	8.534228e-03
467	8.622792e-03
468	8.137856e-03
469	7.655328e-03
470	7.153963e-03
471	6.498930e-03
472	6.089379e-03
473	5.566951e-03
474	5.321625e-03
475	5.060790e-03
476	4.562996e-03
477	4.451509e-03
478	4.407802e-03
479	4.120597e-03
480	3.984034e-03
481	4.288103e-03
482	4.121995e-03
483	4.109409e-03
484	4.240201e-03
485	4.293387e-03
486	4.508483e-03
487	4.489293e-03
488	4.757109e-03
489	4.942523e-03
490	4.899791e-03
491	5.140407e-03
492	5.482322e-03
493	5.774754e-03
494	6.119824e-03
495	6.379111e-03
496	6.982038e-03
497	7.374422e-03
498	7.742794e-03
499	8.563333e-03
500	9.204005e-03
501	9.834384e-03
502	1.014147e-02
503	1.095336e-02
504	1.176676e-02
505	1.251042e-02
506	1.330137e-02
507	1.340952e-02
508	1.421675e-02
509	1.457007e-02
510	1.542844e-02
511	1.573616e-02
512	1.647003e-02
513	1.705014e-02
514	1.791281e-02
515	1.840143e-02
516	1.864704e-02
517	1.919465e-02
518	1.942180e-02
519	1.966456e-02
520	1.995825e-02
521	2.065190e-02
522	2.112931e-02
523	2.165542e-02
524	2.206775e-02
525	2.211826e-02
526	2.164219e-02
527	2.212080e-02
528	2.221213e-02
529	2.259581e-02
530	2.230444e-02
531	2.261212e-02
532	2.266752e-02
533	2.336263e-02
534	2.348717e-02
535	2.302157e-02
536	2.313027e-02
537	2.295904e-02
538	2.324489e-02
539	2.303485e-02
540	2.369617e-02
541	2.382682e-02
542	2.394960e-02
543	2.355416e-02
544	2.389443e-02
545	2.350239e-02
546	2.365784e-02
547	2.369624e-02
548	2.372479e-02
549	2.330219e-02
550	2.360474e-02
551	2.327880e-02
552	2.301142e-02
553	2.291251e-02
554	2.305938e-02
555	2.271844e-02
556	2.257181e-02
557	2.278454e-02
558	2.231794e-02
559	2.243524e-02
560	2.284149e-02
561	2.230795e-02
562	2.242153e-02
563	2.251346e-02
564	2.215314e-02
565	2.276579e-02
566	2.192007e-02
567	2.207553e-02
568	2.169699e-02
569	2.183571e-02
570	2.180194e-02
571	2.185897e-02
572	2.154092e-02
573	2.146175e-02
574	2.101246e-02
575	2.161620e-02
576	2.144630e-02
577	2.133568e-02
578	2.132710e-02
579	2.108022e-02
580	2.086229e-02
581	2.098915e-02
582	2.083214e-02
583	2.114680e-02
584	2.073075e-02
585	2.055047e-02
586	2.049938e-02
587	2.034851e-02
588	2.016350e-02
589	1.996707e-02
590	1.960652e-02
591	1.964239e-02
592	1.966956e-02
593	1.914450e-02
594	1.885914e-02
595	1.885457e-02
596	1.839913e-02
597	1.867954e-02
598	1.857050e-02
599	1.827241e-02
600	1.798099e-02
601	1.757623e-02
602	1.779188e-02
603	1.752533e-02
604	1.749095e-02
605	1.719897e-02
606	1.697676e-02
607	1.883370e-02
608	2.347849e-02
609	2.344187e-02
610	2.110164e-02
611	2.145395e-02
612	2.841608e-02
613	3.531727e-02
614	3.221804e-02
615	2.518273e-02
616	2.034375e-02
617	1.781726e-02
618	1.757722e-02
619	1.738196e-02
620	1.686237e-02
621	1.630848e-02
622	1.567239e-02
623	1.606745e-02
624	1.617713e-02
625	1.637894e-02
626	1.644768e-02
627	1.674717e-02
628	1.868195e-02
629	2.881020e-02
630	5.284533e-02
631	5.554912e-02
632	4.130537e-02
633	3.062501e-02
634	3.673027e-02
635	4.130750e-02
636	3.089898e-02
637	2.034502e-02
638	1.438519e-02
639	1.087938e-02
640	9.569146e-03
641	9.017425e-03
642	8.692446e-03
643	8.385088e-03
644	8.046524e-03
645	8.517882e-03
646	1.091127e-02
647	1.518195e-02
648	1.384623e-02
649	1.063407e-02
650	8.974436e-03
651	7.908184e-03
652	7.694217e-03
653	6.943815e-03
654	6.526995e-03
655	6.225280e-03
656	6.062061e-03
657	5.793510e-03
658	5.445645e-03
659	5.233529e-03
660	5.188959e-03
661	4.887246e-03
662	4.687885e-03
663	4.484951e-03
664	4.286089e-03
665	4.160070e-03
666	4.051880e-03
667	3.954682e-03
668	4.017385e-03
669	4.051009e-03
670	3.963923e-03
671	4.091617e-03
672	3.595195e-03
673	3.460324e-03
674	3.425836e-03
675	3.235627e-03
676	2.989345e-03
677	3.083260e-03
678	2.831638e-03
679	2.826619e-03
680	2.689899e-03
681	2.697069e-03
682	2.530283e-03
683	2.541091e-03
684	2.378212e-03
685	2.415594e-03
686	2.254451e-03
687	2.203734e-03
688	2.207154e-03
689	2.108249e-03
690	2.035876e-03
691	1.993323e-03
692	2.031279e-03
693	2.183086e-03
694	2.263716e-03
695	2.015756e-03
696	1.882910e-03
697	1.726626e-03
698	1.678156e-03
699	1.520381e-03
700	1.526310e-03
701	1.193329e-03
702	1.116198e-03
703	1.510541e-03
705	5.980349e-04
707	6.161822e-04
708	3.053401e-04