Wavelength (nm)	Irradiance Spectral Power (W/m2/nm)
210 0.0000000000e+00
211 0.0000000000e+00
212 0.0000000000e+00
213 0.0000000000e+00
214 0.0000000000e+00
215 0.0000000000e+00
216 0.0000000000e+00
217 0.0000000000e+00
218 0.0000000000e+00
219 0.0000000000e+00
220 0.0000000000e+00
221 0.0000000000e+00
222 0.0000000000e+00
223 0.0000000000e+00
224 0.0000000000e+00
225 0.0000000000e+00
226 0.0000000000e+00
227 0.0000000000e+00
228 0.0000000000e+00
229 0.0000000000e+00
230 0.0000000000e+00
231 0.0000000000e+00
232 0.0000000000e+00
233 0.0000000000e+00
234 0.0000000000e+00
235 0.0000000000e+00
236 0.0000000000e+00
237 0.0000000000e+00
238 0.0000000000e+00
239 0.0000000000e+00
240 0.0000000000e+00
241 0.0000000000e+00
242 0.0000000000e+00
243 0.0000000000e+00
244 0.0000000000e+00
245 0.0000000000e+00
246 0.0000000000e+00
247 0.0000000000e+00
248 0.0000000000e+00
249 0.0000000000e+00
250 0.0000000000e+00
251 0.0000000000e+00
252 0.0000000000e+00
253 0.0000000000e+00
254 0.0000000000e+00
255 0.0000000000e+00
256 0.0000000000e+00
257 0.0000000000e+00
258 0.0000000000e+00
259 0.0000000000e+00
260 0.0000000000e+00
261 0.0000000000e+00
262 0.0000000000e+00
263 0.0000000000e+00
264 0.0000000000e+00
265 0.0000000000e+00
266 0.0000000000e+00
267 0.0000000000e+00
268 0.0000000000e+00
269 0.0000000000e+00
270 0.0000000000e+00
271 0.0000000000e+00
272 0.0000000000e+00
273 0.0000000000e+00
274 0.0000000000e+00
275 0.0000000000e+00
276 0.0000000000e+00
277 0.0000000000e+00
278 0.0000000000e+00
279 0.0000000000e+00
280 0.0000000000e+00
281 0.0000000000e+00
282 0.0000000000e+00
283 0.0000000000e+00
284 0.0000000000e+00
285 0.0000000000e+00
286 0.0000000000e+00
287 0.0000000000e+00
288 0.0000000000e+00
289 0.0000000000e+00
290 0.0000000000e+00
291 0.0000000000e+00
292 0.0000000000e+00
293 0.0000000000e+00
294 4.8454229584e-05
295 0.0000000000e+00
296 0.0000000000e+00
297 0.0000000000e+00
298 0.0000000000e+00
299 0.0000000000e+00
300 0.0000000000e+00
301 0.0000000000e+00
302 0.0000000000e+00
303 0.0000000000e+00
304 0.0000000000e+00
305 0.0000000000e+00
306 0.0000000000e+00
307 0.0000000000e+00
308 0.0000000000e+00
309 0.0000000000e+00
310 0.0000000000e+00
311 0.0000000000e+00
312 0.0000000000e+00
313 0.0000000000e+00
314 0.0000000000e+00
315 0.0000000000e+00
316 0.0000000000e+00
317 0.0000000000e+00
318 0.0000000000e+00
319 0.0000000000e+00
320 0.0000000000e+00
321 0.0000000000e+00
322 0.0000000000e+00
323 0.0000000000e+00
324 0.0000000000e+00
325 0.0000000000e+00
326 0.0000000000e+00
327 0.0000000000e+00
328 0.0000000000e+00
329 0.0000000000e+00
330 0.0000000000e+00
331 0.0000000000e+00
332 0.0000000000e+00
333 0.0000000000e+00
334 0.0000000000e+00
335 0.0000000000e+00
336 0.0000000000e+00
337 0.0000000000e+00
338 0.0000000000e+00
339 0.0000000000e+00
340 0.0000000000e+00
341 0.0000000000e+00
342 0.0000000000e+00
343 0.0000000000e+00
344 0.0000000000e+00
345 0.0000000000e+00
346 0.0000000000e+00
347 0.0000000000e+00
348 0.0000000000e+00
349 0.0000000000e+00
350 0.0000000000e+00
351 0.0000000000e+00
352 0.0000000000e+00
353 0.0000000000e+00
354 0.0000000000e+00
355 0.0000000000e+00
356 0.0000000000e+00
357 0.0000000000e+00
358 0.0000000000e+00
359 0.0000000000e+00
360 0.0000000000e+00
361 0.0000000000e+00
362 0.0000000000e+00
363 0.0000000000e+00
364 0.0000000000e+00
365 0.0000000000e+00
366 0.0000000000e+00
367 0.0000000000e+00
368 0.0000000000e+00
369 0.0000000000e+00
370 0.0000000000e+00
371 0.0000000000e+00
372 0.0000000000e+00
373 0.0000000000e+00
374 0.0000000000e+00
375 0.0000000000e+00
376 0.0000000000e+00
377 0.0000000000e+00
378 0.0000000000e+00
379 0.0000000000e+00
380 0.0000000000e+00
381 0.0000000000e+00
382 0.0000000000e+00
383 0.0000000000e+00
384 0.0000000000e+00
385 0.0000000000e+00
386 0.0000000000e+00
387 0.0000000000e+00
388 0.0000000000e+00
389 0.0000000000e+00
390 0.0000000000e+00
391 0.0000000000e+00
392 0.0000000000e+00
393 0.0000000000e+00
394 0.0000000000e+00
395 0.0000000000e+00
396 0.0000000000e+00
397 0.0000000000e+00
398 0.0000000000e+00
399 0.0000000000e+00
400 0.0000000000e+00
401 0.0000000000e+00
402 0.0000000000e+00
403 0.0000000000e+00
404 0.0000000000e+00
405 0.0000000000e+00
406 0.0000000000e+00
407 0.0000000000e+00
408 0.0000000000e+00
409 0.0000000000e+00
410 0.0000000000e+00
411 2.0024779433e-04
412 0.0000000000e+00
413 7.2782443036e-04
414 0.0000000000e+00
415 9.2626425385e-04
416 9.3241898063e-04
417 1.0111058451e-03
418 1.0346880979e-03
419 1.6623759815e-03
420 1.5895552359e-03
421 1.8230863709e-03
422 1.7251418482e-03
423 2.1831358081e-03
424 2.0792981580e-03
425 2.1480604867e-03
426 2.5369905095e-03
427 3.1290675715e-03
428 2.9501586976e-03
429 3.7360106487e-03
430 3.4506830258e-03
431 3.8572537973e-03
432 4.6249574371e-03
433 5.3322240987e-03
434 4.7095807709e-03
435 6.0069282373e-03
436 6.1398269879e-03
437 6.5438036305e-03
438 6.6820682987e-03
439 7.8301532314e-03
440 7.9520057709e-03
441 8.2343094884e-03
442 9.2225659892e-03
443 1.1015152081e-02
444 1.1025220745e-02
445 1.1944278126e-02
446 1.1360047519e-02
447 1.2390799483e-02
448 1.1602857237e-02
449 1.2471352337e-02
450 1.2026738161e-02
451 1.1901341647e-02
452 8.8469828535e-03
453 8.1684045792e-03
454 7.3157055260e-03
455 6.4712651203e-03
456 5.5602073769e-03
457 5.0444888919e-03
458 4.9508150920e-03
459 4.3137990563e-03
460 3.9369017885e-03
461 3.7312744612e-03
462 3.6416430885e-03
463 3.3587467668e-03
464 3.3347445735e-03
465 3.0159393613e-03
466 2.6589771538e-03
467 2.7380915876e-03
468 2.2954999132e-03
469 2.1533523009e-03
470 2.0514973304e-03
471 1.7854861721e-03
472 1.6982590627e-03
473 1.5255912898e-03
474 1.5631809503e-03
475 1.5119713498e-03
476 1.3873436573e-03
477 1.4167492614e-03
478 1.4146824781e-03
479 1.3662895106e-03
480 1.2941802407e-03
481 1.4244393151e-03
482 1.3161424355e-03
483 1.3439498028e-03
484 1.4037067801e-03
485 1.3466916312e-03
486 1.3818436843e-03
487 1.4550271005e-03
488 1.5443413426e-03
489 1.6708847921e-03
490 1.6713015367e-03
491 1.7792896039e-03
492 1.9614762890e-03
493 2.0896684351e-03
494 2.2998394852e-03
495 2.4132537810e-03
496 2.6411366851e-03
497 2.8752335483e-03
498 3.0428121926e-03
499 3.2742484105e-03
500 3.5822410228e-03
501 3.8399220550e-03
502 4.0458040726e-03
503 4.3604133415e-03
504 4.7136252434e-03
505 4.9601972081e-03
506 5.3059042028e-03
507 5.3276229251e-03
508 5.6685130795e-03
509 5.8503395001e-03
510 6.1816035620e-03
511 6.3233519401e-03
512 6.6107580367e-03
513 6.8502252120e-03
514 7.1828912401e-03
515 7.3364187617e-03
516 7.5135272102e-03
517 7.7014516090e-03
518 7.7448647861e-03
519 7.9166450981e-03
520 7.9864438825e-03
521 8.2504943023e-03
522 8.4752857241e-03
523 8.6851873660e-03
524 8.8343430079e-03
525 8.8717493199e-03
526 8.6707924393e-03
527 8.7961721875e-03
528 8.8951371698e-03
529 9.0989375561e-03
530 8.9025187708e-03
531 9.0289913626e-03
532 9.0193626026e-03
533 9.2901497202e-03
534 9.3184389915e-03
535 9.1609068955e-03
536 9.1846132866e-03
537 9.1179522432e-03
538 9.1610759518e-03
539 9.0918966967e-03
540 9.2667339599e-03
541 9.2688093082e-03
542 9.1974253539e-03
543 9.0087223221e-03
544 9.1218978822e-03
545 9.0065715788e-03
546 9.0836008848e-03
547 9.1964452606e-03
548 9.2366164345e-03
549 9.0672247003e-03
550 9.2269629784e-03
551 9.0376616966e-03
552 8.9138451894e-03
553 8.8702515711e-03
554 8.9577317394e-03
555 8.8467706366e-03
556 8.8058711620e-03
557 8.8519082475e-03
558 8.7730963563e-03
559 8.6520445599e-03
560 8.8082826384e-03
561 8.6669731627e-03
562 8.6442484323e-03
563 8.7279673143e-03
564 8.5722051261e-03
565 8.7182361603e-03
566 8.4084040866e-03
567 8.4339629288e-03
568 8.3303834011e-03
569 8.3333044380e-03
570 8.3955532578e-03
571 8.3818108729e-03
572 8.2260579605e-03
573 8.2170741495e-03
574 7.9694987170e-03
575 8.3420294726e-03
576 8.1981111280e-03
577 8.1512605972e-03
578 8.0206288118e-03
579 8.0517337222e-03
580 7.9177565059e-03
581 7.9651790549e-03
582 7.9223709531e-03
583 7.9401133455e-03
584 7.8405769016e-03
585 7.7509393691e-03
586 7.7085141143e-03
587 7.6370675762e-03
588 7.5627670843e-03
589 7.4969479164e-03
590 7.3952189126e-03
591 7.3470942752e-03
592 7.3788495596e-03
593 7.1420537348e-03
594 7.1141053932e-03
595 7.0829172062e-03
596 6.9157580414e-03
597 6.9829165706e-03
598 6.9874552754e-03
599 6.8249083203e-03
600 6.7413555887e-03
601 6.5825310321e-03
602 6.7097870223e-03
603 6.5704710313e-03
604 6.4805495340e-03
605 6.3990157452e-03
606 6.3438212732e-03
607 7.1613731630e-03
608 9.0170452447e-03
609 8.9077866032e-03
610 7.8433234572e-03
611 7.8474209410e-03
612 1.0892182773e-02
613 1.3705429420e-02
614 1.2353127728e-02
615 9.5795716846e-03
616 7.6350228082e-03
617 6.7493619137e-03
618 6.6313905575e-03
619 6.5922684460e-03
620 6.4015131718e-03
621 6.1325076492e-03
622 5.9315164352e-03
623 6.0280989684e-03
624 6.1825788407e-03
625 6.2590341923e-03
626 6.2833551865e-03
627 6.4178984881e-03
628 7.2207917994e-03
629 1.1618659935e-02
630 2.1553441250e-02
631 2.2407762740e-02
632 1.6283885421e-02
633 1.2071987118e-02
634 1.4804251549e-02
635 1.6572337218e-02
636 1.2187017605e-02
637 7.9416609045e-03
638 5.5294191791e-03
639 4.1728571324e-03
640 3.6433622155e-03
641 3.5122457022e-03
642 3.2638424702e-03
643 3.2002456699e-03
644 3.0950882107e-03
645 3.2652036387e-03
646 4.3736514285e-03
647 5.9956923767e-03
648 5.4662723982e-03
649 4.1362901788e-03
650 3.5136707194e-03
651 3.1104587503e-03
652 2.9815227710e-03
653 2.6788262296e-03
654 2.5871577075e-03
655 2.3980645548e-03
656 2.3021826168e-03
657 2.2736621540e-03
658 2.1062595536e-03
659 2.0612936561e-03
660 1.9766988414e-03
661 1.8979027955e-03
662 1.8438758491e-03
663 1.7150749817e-03
664 1.7217482697e-03
665 1.6222401713e-03
666 1.6048547103e-03
667 1.5662368773e-03
668 1.6158293928e-03
669 1.6068121525e-03
670 1.5586541399e-03
671 1.6885847901e-03
672 1.4406008352e-03
673 1.4048231182e-03
674 1.3802791452e-03
675 1.3112359163e-03
676 1.2083480553e-03
677 1.2648336731e-03
678 1.1679717193e-03
679 1.2241035834e-03
680 1.0564986058e-03
681 1.1108284874e-03
682 1.0118655597e-03
683 1.0018607031e-03
684 9.3952186431e-04
685 1.0325691058e-03
686 9.6946780655e-04
687 8.7336549881e-04
688 9.1722168264e-04
689 8.8357865199e-04
690 8.6827776942e-04
691 8.6482213510e-04
692 8.7798983618e-04
693 9.9916590305e-04
694 1.0084779218e-03
695 8.7799442577e-04
696 8.0756397814e-04
697 8.0627730776e-04
698 5.9127643146e-04
699 5.1751538874e-04
700 5.6259504074e-04
701 4.2916145512e-04
702 5.4967670436e-04
703 5.6608186241e-04
704 3.3033498712e-04
705 2.6989404507e-04
706 1.6155816302e-04
707 5.7962991126e-04
708 1.3197059309e-04
709 1.6322193272e-04
710 3.8612794855e-04
711 0.0000000000e+00
712 1.7650044665e-04
713 1.9359734032e-04
714 1.3714615842e-04
715 0.0000000000e+00
716 0.0000000000e+00
717 0.0000000000e+00
718 1.7926321823e-04
719 0.0000000000e+00
720 0.0000000000e+00
721 0.0000000000e+00
722 0.0000000000e+00
723 0.0000000000e+00
724 0.0000000000e+00
725 0.0000000000e+00
726 0.0000000000e+00
727 0.0000000000e+00
728 0.0000000000e+00
729 0.0000000000e+00
730 0.0000000000e+00
731 0.0000000000e+00
732 0.0000000000e+00
733 0.0000000000e+00
734 0.0000000000e+00
735 0.0000000000e+00
736 0.0000000000e+00
737 0.0000000000e+00
738 0.0000000000e+00
739 0.0000000000e+00
740 0.0000000000e+00
741 0.0000000000e+00
742 0.0000000000e+00
743 0.0000000000e+00
744 0.0000000000e+00
745 0.0000000000e+00
746 0.0000000000e+00
747 0.0000000000e+00
748 0.0000000000e+00
749 0.0000000000e+00
750 0.0000000000e+00
751 1.5187836007e-04
752 0.0000000000e+00
753 0.0000000000e+00
754 0.0000000000e+00
755 0.0000000000e+00
756 0.0000000000e+00
757 0.0000000000e+00
758 0.0000000000e+00
759 0.0000000000e+00
760 0.0000000000e+00
761 0.0000000000e+00
762 0.0000000000e+00
763 0.0000000000e+00
764 0.0000000000e+00
765 0.0000000000e+00
766 0.0000000000e+00
767 0.0000000000e+00
768 0.0000000000e+00
769 0.0000000000e+00
770 0.0000000000e+00
771 0.0000000000e+00
772 0.0000000000e+00
773 0.0000000000e+00
774 0.0000000000e+00
775 0.0000000000e+00
776 0.0000000000e+00
777 0.0000000000e+00
778 0.0000000000e+00
779 0.0000000000e+00
780 0.0000000000e+00
781 0.0000000000e+00
782 0.0000000000e+00
783 0.0000000000e+00
784 0.0000000000e+00
785 0.0000000000e+00
786 0.0000000000e+00
787 0.0000000000e+00
788 0.0000000000e+00
789 0.0000000000e+00
790 0.0000000000e+00
791 0.0000000000e+00
792 0.0000000000e+00
793 0.0000000000e+00
794 0.0000000000e+00
795 0.0000000000e+00
796 0.0000000000e+00
797 0.0000000000e+00
798 0.0000000000e+00
799 0.0000000000e+00
800 0.0000000000e+00
801 0.0000000000e+00
802 0.0000000000e+00
803 0.0000000000e+00
804 0.0000000000e+00
805 0.0000000000e+00
806 0.0000000000e+00
807 0.0000000000e+00
808 0.0000000000e+00
809 0.0000000000e+00
810 0.0000000000e+00
811 0.0000000000e+00
812 0.0000000000e+00
813 0.0000000000e+00
814 0.0000000000e+00
815 0.0000000000e+00
816 0.0000000000e+00
817 0.0000000000e+00
818 0.0000000000e+00
819 0.0000000000e+00
820 0.0000000000e+00
821 0.0000000000e+00
822 0.0000000000e+00
823 0.0000000000e+00
824 0.0000000000e+00
825 0.0000000000e+00
826 0.0000000000e+00
827 0.0000000000e+00
828 0.0000000000e+00
829 0.0000000000e+00
830 0.0000000000e+00
831 0.0000000000e+00
832 0.0000000000e+00
833 0.0000000000e+00
834 0.0000000000e+00
835 0.0000000000e+00
836 0.0000000000e+00
837 0.0000000000e+00
838 0.0000000000e+00
839 0.0000000000e+00
840 0.0000000000e+00
841 0.0000000000e+00
842 0.0000000000e+00
843 0.0000000000e+00
844 0.0000000000e+00
845 0.0000000000e+00
846 0.0000000000e+00
847 0.0000000000e+00
848 0.0000000000e+00
849 0.0000000000e+00
850 0.0000000000e+00
851 0.0000000000e+00
852 0.0000000000e+00
853 0.0000000000e+00
854 0.0000000000e+00
855 0.0000000000e+00
856 0.0000000000e+00
857 0.0000000000e+00
858 0.0000000000e+00
859 0.0000000000e+00
860 7.5852140907e-04
861 0.0000000000e+00
862 0.0000000000e+00
863 0.0000000000e+00
864 0.0000000000e+00
865 0.0000000000e+00
866 0.0000000000e+00
867 0.0000000000e+00
868 0.0000000000e+00
869 0.0000000000e+00
870 0.0000000000e+00
871 0.0000000000e+00
872 0.0000000000e+00
873 0.0000000000e+00
874 0.0000000000e+00
875 0.0000000000e+00
876 0.0000000000e+00
877 0.0000000000e+00
878 0.0000000000e+00
879 0.0000000000e+00
880 0.0000000000e+00
881 0.0000000000e+00
882 0.0000000000e+00
883 0.0000000000e+00
884 0.0000000000e+00
885 0.0000000000e+00
886 0.0000000000e+00
887 0.0000000000e+00
888 0.0000000000e+00
889 0.0000000000e+00
890 0.0000000000e+00
891 0.0000000000e+00
892 0.0000000000e+00
893 0.0000000000e+00
894 0.0000000000e+00
895 0.0000000000e+00
896 0.0000000000e+00
897 0.0000000000e+00
898 0.0000000000e+00
899 0.0000000000e+00
900 0.0000000000e+00
